.F.
    0   64
GREEN.1
    6.0     16.00       1  512 1024    0.500     7    1
    1    1    1    1    1    1    1    1    1    1    0
 0.7000E+01 0.5380E+01 0.3057E+01 0.2776E+01   600.00    300.00
 0.5000E+01 0.5950E+01 0.3381E+01 0.2890E+01   600.00    300.00
 4.0000E+00 0.6150E+01 0.3494E+01 0.2930E+01   600.00    300.00
 4.0000E+00 0.6150E+01 0.3494E+01 0.2930E+01   600.00    300.00
 0.2700E+01 0.6420E+01 0.3648E+01 0.2984E+01   600.00    300.00
 0.3000E+03 0.8060E+01 0.4580E+01 0.3120E+01   600.00    300.00
 0.3000E+03 0.8060E+01 0.4580E+01 0.3120E+01   600.00    300.00
    4
  4.0000000E+02  1.500000E+00         0
    2  10000.0     30.0      2.6       2.5
100.0000      0.0       8.0
350.0000      0.0       8.0
