j	frqmin	freqmax	Mxx	Myy	Mzz	Mxy	Mxz	Myz	Mw	Mo	DC	CLVD	ISO	VAR	QUALITY	strike1	dip1	rake1	strike2	dip2	rake2
0	0.0013	0.0052	4.29e+24	1.02e+23	-4.39e+24	-1.49e+25	1.23e+25	-4.39e+24	6.1	1.97e+25	79.8	20.2	0.0	18.73	0	6.4	49.0	-169.0	269.2	81.8	-41.5
1	0.0026	0.0104	1.29e+24	3.12e+23	-1.60e+24	-1.43e+24	5.05e+24	-1.60e+24	5.8	5.75e+24	60.0	40.0	0.0	5.73	0	286.0	84.3	-74.6	35.9	16.4	-159.3
2	0.0052	0.0208	-1.24e+24	-7.69e+23	2.01e+24	-3.26e+24	4.62e+24	2.01e+24	5.8	5.96e+24	72.4	27.6	0.0	10.19	0	102.5	77.8	61.9	350.9	30.4	155.3
3	0.0104	0.0417	-7.95e+23	-1.81e+23	9.76e+23	-6.72e+22	-2.97e+23	9.76e+23	5.3	9.38e+23	66.1	33.9	0.0	2.10	0	275.9	54.3	89.7	96.4	35.7	90.4
4	0.0208	0.0833	-7.92e+23	1.20e+23	6.73e+23	3.81e+23	-4.05e+23	6.73e+23	5.3	9.96e+23	91.9	8.1	0.0	46.65	2	279.0	61.9	126.0	41.9	44.5	42.2
5	0.0417	0.1667	-8.52e+23	1.57e+23	6.95e+23	3.40e+23	-3.58e+23	6.95e+23	5.3	9.93e+23	99.7	0.3	0.0	85.01	4	280.5	60.5	125.2	45.5	44.7	44.5
6	0.0833	0.3333	-8.39e+23	1.50e+23	6.89e+23	3.83e+23	-3.52e+23	6.89e+23	5.3	1.00e+24	99.9	0.1	0.0	88.38	4	279.4	60.3	127.0	42.8	46.1	43.5
7	0.1667	0.6667	-8.52e+23	1.51e+23	7.01e+23	3.51e+23	-3.49e+23	7.01e+23	5.3	9.93e+23	98.7	1.3	0.0	94.28	4	279.8	60.0	125.3	45.0	45.1	44.9
8	0.3333	1.3333	-8.50e+23	1.46e+23	7.04e+23	3.52e+23	-3.62e+23	7.04e+23	5.3	9.99e+23	99.6	0.4	0.0	98.39	4	279.8	60.3	125.1	45.0	44.7	44.7
